8 0.25 0.5685096153846154 0.28125 0.027644230769230768
10 0.5096153846153846 0.6334134615384616 0.7956730769230769 0.09254807692307693
8 0.203125 0.7007211538461539 0.20552884615384615 0.025240384615384616
2 0.5048076923076923 0.7680288461538461 0.8016826923076923 0.10096153846153846
5 0.25600961538461536 0.8786057692307693 0.30649038461538464 0.0733173076923077
6 0.5036057692307693 0.9290865384615384 0.042067307692307696 0.056490384615384616
10 0.4879807692307692 0.12980769230769232 0.7704326923076923 0.10216346153846154
8 0.5216346153846154 0.21754807692307693 0.7524038461538461 0.04326923076923077
10 0.40024038461538464 0.25961538461538464 0.4735576923076923 0.020432692307692308
8 0.49759615384615385 0.2860576923076923 0.7704326923076923 0.030048076923076924
10 0.5144230769230769 0.4266826923076923 0.8064903846153846 0.234375