8 0.30528846153846156 0.47836538461538464 0.30288461538461536 0.030048076923076924
10 0.5288461538461539 0.5516826923076923 0.7608173076923077 0.109375
8 0.2704326923076923 0.625 0.21995192307692307 0.03125
2 0.5300480769230769 0.7079326923076923 0.7620192307692307 0.13581730769230768
8 0.23557692307692307 0.8016826923076923 0.15745192307692307 0.030048076923076924
5 0.28365384615384615 0.8774038461538461 0.32572115384615385 0.0829326923076923
6 0.5384615384615384 0.9290865384615384 0.052884615384615384 0.042067307692307696
8 0.5060096153846154 0.10336538461538461 0.6995192307692307 0.054086538461538464
10 0.5300480769230769 0.16947115384615385 0.7620192307692307 0.07572115384615384
8 0.5288461538461539 0.23076923076923078 0.7379807692307693 0.04326923076923077
10 0.5456730769230769 0.3557692307692308 0.8257211538461539 0.21033653846153846