10 0.4807692307692308 0.5120192307692307 0.7884615384615384 0.07091346153846154
10 0.49278846153846156 0.5769230769230769 0.796875 0.04807692307692308
10 0.4651442307692308 0.6334134615384616 0.7439903846153846 0.039663461538461536
10 0.4807692307692308 0.6838942307692307 0.7728365384615384 0.03485576923076923
1 0.6274038461538461 0.7572115384615384 0.25961538461538464 0.06490384615384616
8 0.4987980769230769 0.10576923076923077 0.4387019230769231 0.09254807692307693
10 0.2956730769230769 0.1658653846153846 0.3713942307692308 0.02283653846153846
0 0.37259615384615385 0.18870192307692307 0.18389423076923078 0.018028846153846152
4 0.1971153846153846 0.18990384615384615 0.16826923076923078 0.020432692307692308
3 0.32211538461538464 0.28365384615384615 0.43149038461538464 0.13581730769230768
8 0.4855769230769231 0.38822115384615385 0.75 0.040865384615384616
10 0.4855769230769231 0.4387019230769231 0.7884615384615384 0.054086538461538464